object frmMain: TfrmMain
  Left = 0
  Top = 0
  Caption = 'From text to HTML'
  ClientHeight = 650
  ClientWidth = 640
  FormFactor.Width = 320
  FormFactor.Height = 480
  FormFactor.Devices = [Desktop]
  DesignerMasterStyle = 0
  object mmoSource: TMemo
    Touch.InteractiveGestures = [Pan, LongTap, DoubleTap]
    DataDetectorTypes = []
    Align = Top
    Margins.Left = 5.000000000000000000
    Margins.Top = 5.000000000000000000
    Margins.Right = 5.000000000000000000
    Margins.Bottom = 5.000000000000000000
    Position.X = 5.000000000000000000
    Position.Y = 5.000000000000000000
    Size.Width = 630.000000000000000000
    Size.Height = 285.000000000000000000
    Size.PlatformDefault = False
    TabOrder = 0
    OnClick = mmoSourceClick
    Viewport.Width = 626.000000000000000000
    Viewport.Height = 281.000000000000000000
  end
  object btnExecute: TButton
    Align = Top
    Margins.Left = 5.000000000000000000
    Margins.Top = 5.000000000000000000
    Margins.Right = 5.000000000000000000
    Margins.Bottom = 5.000000000000000000
    Position.X = 5.000000000000000000
    Position.Y = 300.000000000000000000
    Size.Width = 630.000000000000000000
    Size.Height = 50.000000000000000000
    Size.PlatformDefault = False
    TabOrder = 1
    Text = 'Generate HTML from text'
    OnClick = btnExecuteClick
  end
  object mmoDestination: TMemo
    Touch.InteractiveGestures = [Pan, LongTap, DoubleTap]
    DataDetectorTypes = []
    Align = Client
    Margins.Left = 5.000000000000000000
    Margins.Top = 5.000000000000000000
    Margins.Right = 5.000000000000000000
    Margins.Bottom = 5.000000000000000000
    Size.Width = 630.000000000000000000
    Size.Height = 285.000000000000000000
    Size.PlatformDefault = False
    TabOrder = 2
    OnClick = mmoDestinationClick
    Viewport.Width = 626.000000000000000000
    Viewport.Height = 281.000000000000000000
  end
end
